         1111000   2  10
         1111000   2  16
         2102101   3    10
       2102101   3 15
        12312      4     2
         1A 15  2
       1234567  10     16
         ABCD  16 15
            0  2     15
         ABCD   16 16
       000000F 16       10
            1A 15 15
        0000000  16 10
        0000000  16      16
        0000000  10 10

              0  16 10
              00  16      16
             000  10 10
0000000000000000000000000000 2 15
1111111111111111111111111111 2 16
0111111111111111111111111111 2 16
F0000000 16 10
F00000000 16 10